1 5.563676 0.735472
2 6.442083 1.012809
3 7.079341 1.234889
4 7.364874 1.318230
5 7.467504 1.366298
6 7.571341 1.404956
7 7.675879 1.447164
8 7.875082 1.481514
9 7.981287 1.519405
10 8.088214 1.557974
11 8.195885 1.602353
12 8.304444 1.645644
13 8.413867 1.689487
14 8.524119 1.728212
15 8.635159 1.771557
16 8.746998 1.809706
17 8.859591 1.849536
18 8.972971 1.890511
19 9.087089 1.926397
20 9.201905 1.962520
21 9.317339 1.991614
22 9.433371 2.023824
23 9.453543 2.054613
24 9.570608 2.088924
25 9.688338 2.123521
26 9.709575 2.153117
27 9.828238 2.181234
28 9.947475 2.212721
29 9.969561 2.244040
30 10.089739 2.274080
31 10.210476 2.304406
32 10.233399 2.336704
33 10.354973 2.361345
34 10.378265 2.394480
35 10.500695 2.423237
36 10.524320 2.451281
37 10.647596 2.485915
38 10.671670 2.516874
39 10.795719 2.545210
40 10.820051 2.574652
41 10.944870 2.607214
42 10.969584 2.640375
43 11.095213 2.672788
44 11.221410 2.708212
45 11.246870 2.745035
46 11.374187 2.789474
47 11.400328 2.829047
48 11.528627 2.867943
49 11.657626 2.910725
50 11.684734 2.950913
51 11.814580 2.986310
52 11.842042 3.025208
53 11.972794 3.064039
54 12.000399 3.095140
55 12.131855 3.135338
56 12.159686 3.168421
57 12.292061 3.215905
58 12.320547 3.258980
59 12.453546 3.295943
60 12.482027 3.332130
61 12.615829 3.376174
62 12.644648 3.416685
63 12.673200 3.451939
64 12.808102 3.503582
65 12.836933 3.540764
66 12.972001 3.580153
67 13.001275 3.629413
68 13.137944 3.690276
69 13.167526 3.734011
70 13.304519 3.782609
71 13.442456 3.841076
72 13.585891 4.006954
73 13.839500 4.190039
74 13.984623 4.253383
75 14.022014 4.322581
76 14.168607 4.384825
77 14.206673 4.444796
78 14.465158 4.633001
79 14.616371 4.697022
80 14.658172 4.770912
81 14.810917 4.838986
82 14.853761 4.902519
83 15.007765 4.983681
84 15.163041 5.049496
85 15.206920 5.141439
86 15.363980 5.206897
87 15.521840 5.272770
88 15.567030 5.369632
89 15.726533 5.441119
90 15.773385 5.514229
91 15.933994 5.596702
92 16.095961 5.666667
93 16.143844 5.749616
94 16.307354 5.815835
95 16.356412 5.879778
96 16.520569 5.957133
97 16.569780 6.030002
98 16.735219 6.103139
99 16.784591 6.184325
100 16.950722 6.275400
101 17.001009 6.346939
102 17.168440 6.432432
103 17.218481 6.527086
104 17.387405 6.605147
105 17.438485 6.672932
106 17.608034 6.747995
107 17.658354 6.844691
108 17.828504 6.935872
109 17.879392 7.021065
110 18.050484 7.101473
111 18.101142 7.191974
112 18.151655 7.277592
113 18.323162 7.366786
114 18.373292 7.468777
115 18.545350 7.558461
116 18.595320 7.644401
117 18.767471 7.757187
118 18.817171 7.861043
119 18.989829 7.951175
120 19.039080 8.076324
121 19.212203 8.202882
122 19.261568 8.317647
123 19.435167 8.426327
124 19.484100 8.551375
125 19.658038 8.710642
126 19.707177 8.833623
127 19.881726 8.984871
128 19.930730 9.094316
129 20.105453 9.219355
130 20.153333 9.320563
131 20.327478 9.456826
132 20.374299 9.588235
133 20.547937 9.708491
134 20.593356 9.834473
135 20.766611 9.996945
136 20.811058 10.129848
137 20.854209 10.246805
138 21.025651 10.392405
139 21.068623 10.592506
140 21.240120 10.757720
141 21.280573 10.877624
142 21.451207 11.069491
143 21.491168 11.248685
144 21.661401 11.456747
145 21.699469 11.603437
146 21.867888 11.786568
147 21.903419 11.928501
148 22.069256 12.095238
149 22.101801 12.244147
150 22.135197 12.469388
151 22.297723 12.641061
152 22.328912 12.870403
153 22.489770 13.057508
154 22.517990 13.275415
155 22.675989 13.457831
156 22.703102 13.726664
157 22.862619 14.011372
158 22.886361 14.242494
159 23.045998 14.596692
160 23.068680 14.852682
161 23.223965 15.130346
162 23.244332 15.404308
163 23.399002 15.751269
164 23.417925 16.061611
165 23.570753 16.429577
166 23.722713 16.805755
167 23.738189 17.115279
168 23.751420 17.401487
169 23.897832 17.732261
170 23.905908 17.965517
171 24.046480 18.241983
172 24.052906 18.613670
173 24.192013 18.989904
174 24.193476 19.318112
175 24.194380 19.711297
176 24.325814 20.041445
177 24.321885 20.428571
178 24.450781 20.842250
179 24.442376 21.234700
180 24.566518 21.654462
181 24.555229 22.117338
182 24.537739 22.459716
183 24.657440 23.000000
184 24.642580 23.596273
185 24.757084 24.110970
186 24.739143 24.764476
187 24.849386 25.294821
188 24.829664 26.067669
189 24.938705 26.731092
190 24.910349 27.326180
191 25.017805 28.160530
192 24.988212 28.909366
193 25.088897 29.650155
194 25.055875 30.478537
195 25.152827 31.300163
196 25.110652 31.890365
197 25.203199 32.817250
198 25.160558 33.706398
199 25.247121 34.611511
200 25.199556 35.531365
201 25.277495 36.288136
202 25.228717 37.521401
203 25.305063 38.560440
204 25.249383 39.698869
205 25.189384 40.728135
206 25.253002 41.580645
207 25.184146 42.516484
208 25.246699 43.847112
209 25.181669 45.478873
210 25.105665 46.539016
211 25.158661 47.949320
212 25.082422 49.510204
213 25.134126 51.380952
214 25.058255 53.470426
215 25.106669 55.652361
216 25.015743 56.979502
217 24.934652 59.550459
218 24.982767 62.870968
219 25.020344 65.442953
220 24.923200 67.275862
221 24.825996 69.588235
222 24.856080 72.880597
223 24.749997 75.007678
224 24.655805 79.324544
225 24.682940 84.161290
226 24.579523 88.189189
227 24.598590 93.285714
228 24.494451 98.748111
229 24.507541 104.600000
230 24.403081 112.142857
231 24.290716 118.637462
232 24.307124 130.125828
233 24.322926 143.525547
234 24.350208 165.386555
235 24.247758 182.333333
236 24.252350 195.039604
237 24.148799 219.000000
238 24.155931 241.944785
239 24.039775 259.526316
240 24.046915 299.000000
241 24.058137 362.302752
242 24.059461 399.000000
243 23.948042 459.465116
244 23.947318 549.000000
245 23.944703 599.000000
246 23.932816 760.538462
247 23.901751 964.853659
248 23.801059 1014.384615
249 23.684342 1099.000000
250 23.655966 1413.285714
251 23.533300 1522.076923
252 23.505093 1884.714286
253 23.365140 2199.000000
254 23.221802 3299.000000
255 23.184836 9899.000000
